0.09412262020780292 0.07170352767966141 0.11530203711226285 0.1507464838845217 0.0846366885986467 0.09095187240044784 0.09988522101438613 0.09196077832361632 0.12126157536587605 0.0794291954127781
0.1444182122698022 0.06373005292832924 0.14133996189825387 0.13320358700827856 0.11182627616514505 0.05924194115557934 0.07819011661851602 0.12466202098790047 0.06897767903146286 0.07441015193673237
0.0967845489126772 0.11562101857696809 0.1319943138513215 0.06164104861946827 0.0713282921204032 0.13625437779626443 0.11445592657942281 0.0705566337568075 0.0931717305377277 0.10819210924893934
0.1350315777943951 0.06015077216448464 0.06890466541137098 0.07973585760900317 0.09975883667157918 0.13158800671564772 0.089606781973383 0.1266717636836825 0.11855301174620483 0.08999872623024885
0.09269825306890618 0.10981073361550016 0.08036069495538788 0.06050587685831128 0.10885392395071551 0.13784507712534227 0.12327096821802894 0.0802430587955882 0.09803235475787281 0.10837905865434669
0.07710859520495086 0.07285113054715196 0.08155870365210992 0.1077155630050725 0.09405259190098236 0.12630182228206724 0.1350559639043045 0.10121952734882565 0.0856783564224396 0.11845774573209548
0.07082281870558628 0.13394733949527599 0.15138497744212973 0.11090038786988292 0.06360840180045975 0.09290485421580451 0.06672557298720101 0.06907001874529191 0.08195233191076062 0.15868329682760712
0.1291069288799021 0.05992048669064979 0.10786046001746176 0.10934765073658723 0.08664356903774871 0.0999948639509787 0.09212622951368608 0.0625497309427265 0.13957678343376248 0.11287329679649663
0.08583745818935798 0.11878371386478334 0.08759098197755655 0.09406505023732735 0.1351014665628441 0.09024636018506703 0.09091568887060927 0.11069255109336612 0.089738448563122 0.09702828045596627
0.05595394351265135 0.14034218344293142 0.05841155672526621 0.119291513190226 0.10082663388763884 0.06905563080215206 0.12920901458623654 0.12682877122119524 0.07514796247973243 0.12493279015196984
0.09099440639776595 0.07410002266062353 0.12418764796911617 0.06337515078706857 0.13727862921075826 0.08562609624647118 0.08129626231183072 0.061186679519097044 0.1379680420273146 0.14398706286995397
0.06835170164374356 0.08976220645618109 0.07043711392991471 0.08597648866437091 0.08141555118370668 0.0887189647115301 0.14790495607539084 0.125238032968054 0.08814765471472091 0.1540473296523872
0.053966551343339275 0.12330491596729762 0.10386806956895318 0.12263632782690316 0.0968609818049957 0.12778473100107784 0.07503998550326164 0.09859938654302489 0.14087430406280643 0.05706474637834025
0.0765146212323318 0.13825927626320905 0.06063713633434466 0.06343919576582326 0.0800221862317399 0.10593006244295208 0.12019681142244959 0.08867158859213349 0.1568717452982442 0.10945737641677189
0.10291268578579854 0.11418029180746532 0.0945494787941661 0.07136203212287882 0.10106823526985925 0.10961572738627569 0.09509396972502057 0.16583512091074248 0.0769060414891486 0.06847641670864454
0.06646527163018369 0.11569675469037216 0.07111739090033686 0.09433481577105973 0.07979415525400214 0.1168162767706558 0.07653139279119403 0.15480096980926408 0.1620793271637194 0.06236364521921219
0.12344726399345743 0.10264394583548092 0.11134474956447941 0.09474206912380778 0.11517204291420692 0.07962591533535036 0.08020054158095555 0.10924493528940855 0.07335572951265025 0.1102228068502028
0.14309204207843967 0.08133699307716258 0.14205653719801378 0.05459103052016869 0.0794633152102903 0.07471143136303082 0.10012322008397812 0.061391362264639454 0.14169698834876499 0.12153707985551145
0.12038327348756417 0.06571620154464365 0.07692908820943943 0.14914548785357185 0.09374851893020938 0.0899776086017265 0.08321925483409277 0.11587741558828701 0.13483293803602409 0.07017021291444114
0.09744707775785326 0.09881153462430416 0.0921103571949063 0.09502560800315656 0.13398831384273288 0.055262811378406836 0.11559045277416842 0.11396069410369154 0.07167583235420312 0.12612731796657692
0.0784969064291329 0.08243858112884528 0.0876954948080684 0.12861507603163302 0.062123963144328484 0.07661404086586066 0.15344559096674235 0.1441448910996897 0.06180196988312125 0.12462348564257786
0.15598622947431548 0.10959970119609753 0.08739012058778452 0.09145024475203244 0.1560444613151194 0.09943572009509766 0.07546155372924386 0.07027579905493786 0.06955362925247388 0.0848025405428972
0.0739401237954062 0.14399000025302092 0.06975680251324937 0.08942946245708963 0.09670497913957107 0.1224775675605017 0.12776860873537083 0.10284297055791534 0.07068007482547152 0.10240941016240349
0.0819646948124182 0.11884755549764439 0.15909295320842526 0.06866096044596957 0.08800547634834507 0.10576108024972015 0.07901018615115732 0.14678592707370725 0.0716597794019954 0.08021138681061732
0.058272486409268305 0.07989404609833776 0.09898454208923564 0.13493144486262462 0.06437418715059369 0.08859762226517855 0.1414254687616231 0.13550299567705293 0.08865366329044475 0.10936354339564074
0.13053622816132118 0.09924522071706465 0.07306742205968399 0.060019235084888475 0.05793999139861005 0.12757985155652174 0.056891605272650934 0.13816787497609162 0.1153523719245214 0.14120019884864585
0.14291007950893284 0.07174297429248776 0.09079056567765507 0.11954073572355264 0.1125468908872612 0.12675169210902165 0.137007925380587 0.055630425782599253 0.07785948006121896 0.06521923057668365
0.07094423620302302 0.11451305863083591 0.11530639023361 0.11052797814378375 0.10805198219253723 0.14637675614563092 0.11911229745941579 0.08194303981735913 0.05799251935341252 0.07523174182039173
0.07277705846496768 0.14773740712428107 0.11915696215310552 0.10725857083695296 0.1380494392299372 0.07317829805216244 0.08514028901110164 0.09969519738318791 0.08641584521275003 0.07059093253155348
0.06645419600546311 0.13792132571993299 0.0821423875445278 0.0784201291608794 0.13916972822756304 0.12770304315390674 0.07633672654821483 0.1024920227446132 0.0645636888694106 0.12479675202548846
0.08907643925334516 0.0750151919342176 0.08532477882620462 0.13522572300296865 0.10488605344866969 0.0775179329988038 0.14482031131830334 0.0682498128441708 0.11422585372690573 0.10565790264641052
0.10956099647183447 0.06555176959403355 0.13453629634954561 0.07816539299011614 0.12701982733171285 0.08518593708932946 0.1422348156144364 0.07468456391759702 0.10417887178023129 0.07888152886116323
0.1413707399776755 0.09073303396767694 0.09278326465541978 0.14836750101670118 0.07248059334389287 0.07764111436654501 0.08521174059225217 0.0994968969907667 0.11991779415223623 0.07199732093683367
0.1494804752768119 0.13064004435665397 0.060984806728832684 0.11145624186280335 0.11498593914298168 0.08790666098762413 0.07187913619846288 0.12828325285152403 0.07852662766170862 0.06585681493259661
0.07549259774198779 0.07575941885694917 0.13440605276344358 0.10091390956848781 0.06859889765631086 0.15742672645672887 0.11344550160480767 0.10582734825645464 0.09971793879058215 0.06841160830424758
0.07684155573086104 0.10471527942614989 0.08767967238991778 0.10133593488989992 0.0897346556641298 0.10520792723607109 0.09071710956118151 0.12587083375132133 0.11699317393466283 0.10090385741580488
0.12203833729739048 0.0761190781274253 0.06818726087048538 0.13047216011160329 0.10447326868333931 0.08127670554615897 0.12389473029553767 0.13887993125136402 0.0607889293184838 0.093869598498212
0.14301679185134986 0.0671025954930318 0.07791908622169172 0.08161261790864914 0.08756420406460536 0.13016451948422583 0.09477142376172673 0.08015149001547432 0.12468757881336277 0.11300969238588245
0.12688073455633633 0.10366482324568059 0.10066698412516074 0.07599659004705936 0.13504702382950992 0.08231633631405043 0.09331472982024058 0.06325442388193513 0.09706356154636324 0.12179479263366365
0.11311450782440667 0.15283482901583972 0.10385839591615312 0.09334999132053469 0.08474763291290416 0.09097773514098835 0.0740526436114122 0.08832884099363192 0.10082994874282696 0.09790547452130229
0.12177793676656078 0.06670393296795933 0.056682306160066025 0.12359122644148694 0.1050657354955613 0.08510559752751212 0.10445589758335733 0.14249275846035275 0.12898251560110713 0.06514209299603625
0.07982707784395976 0.06010044910170808 0.11842725122691912 0.07355648814993321 0.10252163828646896 0.073530799257293 0.0894080798799846 0.1436976149979555 0.11351883898160574 0.14541176227417213
0.09104767469479941 0.10608188914679859 0.14319658302593088 0.08175795831624363 0.06140755262647206 0.10807662977208454 0.11942385233892652 0.107632899745006 0.10681913160179067 0.07455582873194784
0.09263875511269688 0.12648264482155458 0.12065616842735152 0.11970331023791465 0.07438306545374111 0.09896949038501267 0.0806696366763703 0.0733589721490918 0.13389594927589812 0.07924200746036852
0.06399051636952229 0.14603509877116952 0.06064811532124663 0.1252671214649228 0.12491765615568808 0.12030704103969386 0.1268652427790221 0.0798000454333887 0.06047134971111769 0.09169781295422816
0.10648378653120241 0.08416506000757844 0.10730005121918894 0.0740868059411715 0.09914685774653734 0.08662601215428582 0.11998312668464226 0.1250261914416348 0.08859786123651452 0.10858424703724402
0.13465583511134988 0.09808693013213964 0.1238721025930847 0.0727657489727566 0.09233632232594718 0.09731485546479114 0.11881769929032013 0.07287750290690638 0.12045292539145412 0.06882007781125016
0.12085722599258533 0.08814755509673451 0.08659797026375537 0.07616199953080677 0.09008394383272163 0.09734415646457047 0.14873218650508396 0.08734439670102326 0.1129616413343504 0.09176892427836823
0.08234335173554276 0.11405875885689523 0.0825616928090066 0.09893608776176183 0.08497014126321428 0.06397954794054339 0.1417016806121224 0.14156267122649013 0.12920674584620442 0.06067932194821882
0.1371261666078853 0.13353266392294072 0.057415037384390556 0.09888524068646955 0.06345067951660946 0.10812760956829856 0.08572447512512624 0.09793155106488789 0.09120859566337815 0.12659798046001353
=====
0.07514948322837954 0.061293110235064056 0.12286028510555391 0.09017288289272272 0.07860488482461889 0.1120441776340874 0.11351667442491477 0.13698726115488166 0.07591110126606807 0.13346013923370909
0.11303116662740202 0.15719319224263645 0.15601450331587485 0.06475370241525953 0.12831298415520395 0.0831758187661074 0.07104111136555467 0.07438069157420008 0.0854038862722698 0.0666929432654911
0.09656448007789754 0.10953458313009994 0.07791703656541206 0.06065177482568458 0.10224346103062644 0.1450427131727825 0.13104952014890803 0.09588769362073149 0.06642118781333578 0.11468754961452168
0.10743679124657034 0.10938086615167447 0.12968732967174423 0.07196043089658873 0.09521373886216244 0.13697723764202374 0.1267826896292166 0.06696185259021044 0.0689235479983071 0.08667551531150193
0.0700649324145157 0.08447922320577943 0.14662039781918904 0.085219063204823 0.07648453510213002 0.16475079583832047 0.14827802948497198 0.07100687092890788 0.08514089328173205 0.06795525871963046
0.1439181974947718 0.06852089951126185 0.11420943989595193 0.10927340331263184 0.07068202884210725 0.07716743096769213 0.06669812485193734 0.07665690688680799 0.10767401825216032 0.16519954998467745
0.06737843482893245 0.07599192011888169 0.08618224899830168 0.15760171421300642 0.12463866270156235 0.06847907058700928 0.14055552579562097 0.06913424440007297 0.09319960212924115 0.11683857622737101
0.06673960948067095 0.08190021202616857 0.080374769554754 0.09634594359131288 0.1439595897789298 0.1577067901961976 0.1226134912444119 0.06694301294021805 0.0721990810490884 0.11121750013824785
0.09131332842127535 0.056892735143980015 0.07298428172234686 0.06950784428094073 0.057978249012118115 0.13611172770338292 0.13270124987537826 0.1132135894366678 0.14174839238058592 0.12754860202332385
0.08951075248213794 0.0804694959946617 0.08480341557973085 0.14047140735396813 0.08543086412217626 0.11635687001274105 0.14177424470045558 0.09704805824312789 0.092799742193575 0.07133514931742554
0.10095393342167724 0.11588529265149267 0.07671138086308076 0.09675535358550551 0.08485043950488506 0.08464483918022467 0.11747288582593722 0.06860215829428815 0.11620203413513261 0.137921682537776
0.1581469260976128 0.07978754656771579 0.07521397392965744 0.10084644163501025 0.11398350438375295 0.06284369815422837 0.14266742128412904 0.06967398889671463 0.07428350876600362 0.12255299028517525
0.11906128008243264 0.11675070493251712 0.1243882861718162 0.10160134194873674 0.08709733984206969 0.08109884478970437 0.0888522599770379 0.12369604439977082 0.08130862976814278 0.07614526808777176
0.07071382760931262 0.07844098781119525 0.10380477475390297 0.09492142880725077 0.07168996252847057 0.07466588201850699 0.12314274638904205 0.0709886697196386 0.15800079096956116 0.15363092939311906
0.12834706998671686 0.08634252759419811 0.06260166294255881 0.08501300973169404 0.1428541461690297 0.09954679343678959 0.11318960541197837 0.07169257176835074 0.10689177018360227 0.10352084277508139
0.08884561707434423 0.0730580210050794 0.11088614623206246 0.1197806206536022 0.12554799697427635 0.07535169992546815 0.07580277172959432 0.14270465177787134 0.07285765870718562 0.11516481592051586
0.08820964265958754 0.07321462956065845 0.1446562434582979 0.12648120517812445 0.10609592668444737 0.08859854741420013 0.11392420117182951 0.0948379084246915 0.06878038164977829 0.09520131379838499
0.06309782842744757 0.09581883390857086 0.12314710202472254 0.07596059573458999 0.05687158787866388 0.1481343366509467 0.07945379602436255 0.1268277966831934 0.13718431056999233 0.09350381209751012
0.06343796542462218 0.07218295181275088 0.14332434718559575 0.1290961193766174 0.10948365371419488 0.06337248927060873 0.14923046768257692 0.06921000350183708 0.11010958426981024 0.09055241776138595
0.08074626907872856 0.15046011298060513 0.12039106684346057 0.059146830222058244 0.14320381590402131 0.058828241901544 0.1264070616915175 0.05891497358782814 0.11858524471738861 0.08331638307284787
0.12197647637780505 0.10919389091857279 0.06723068529240117 0.12710744826737538 0.07247706069715179 0.12974411289185028 0.08513257377569336 0.12774664059830537 0.09031012685777792 0.06908098432306699
0.11129152462071155 0.07037685411601133 0.1509506873751313 0.07144590368872407 0.0598149587978703 0.10132744293014427 0.15041388799643352 0.0946508020360993 0.11371659270665571 0.07601134573221865
0.10166099384146349 0.1392321000842997 0.11351127036172955 0.06475531805496072 0.07913407827159064 0.07758092231007858 0.11358542026581803 0.06792886299588441 0.12759963556254444 0.11501139825163037
0.1462579543016195 0.09225785972709262 0.11463714169317675 0.11408530982850579 0.1090109462133276 0.07928532009218066 0.13246210400783956 0.06454078725732623 0.07671495302807194 0.07074762385085943
0.06688905479469832 0.14323181850612918 0.09264428854955843 0.14600858484039383 0.10649335385068803 0.06480442102487384 0.11192944399095513 0.0756681924290464 0.11996170452378323 0.07236913748987349
0.08913020957037797 0.11299739782495333 0.07995295355682036 0.09348070919717996 0.07404043883360616 0.13860992224920246 0.07260960987412171 0.08577800444499915 0.12452706038771123 0.1288736940610277
0.14337347337876494 0.12347637062642838 0.0771126390423934 0.06179467014214564 0.055244092249778 0.08768730755041121 0.14138789830831633 0.11196029216708078 0.05999634931202709 0.1379669072226541
0.07433638821784679 0.11376200530137605 0.06208283359534243 0.11480212966511719 0.10864122449190768 0.14488454268691373 0.07145413686245297 0.14219286729928673 0.06999444970835558 0.09784942217140079
0.09263732718614914 0.09804566258691688 0.11359948290266268 0.06263610362910263 0.0843571124887095 0.15619036355326638 0.10275900442923859 0.12904049975840734 0.06730665312678065 0.09342779033876616
0.09036127700300486 0.09048462784664121 0.1239197788217039 0.13991607371024556 0.08177859233513372 0.0685045745038566 0.09366356575465042 0.10451029368787874 0.06061245974346529 0.14624875659341968
0.09984740633897614 0.08095523451765506 0.06971703086047173 0.07504295101776363 0.1279507432173762 0.1023520743311093 0.12761374753291013 0.10981876000118984 0.09808540331383479 0.10861664886871307
0.08631095470212465 0.08179976845138853 0.11057352336695542 0.1309792419098743 0.1363068124171866 0.0640442957025829 0.0941444482586777 0.11134943308215951 0.07313746620363994 0.11135405590541063
0.15168794260078283 0.10358142956018182 0.08279372852868501 0.11708183441769575 0.07384279334566478 0.07370904901005368 0.1640597956186188 0.07221378190628727 0.09373912365430784 0.06729052135772223
0.07910335036189829 0.11397284166897173 0.05953837575901749 0.12242697040262218 0.1134827020980803 0.12405317077373335 0.08685731332004407 0.06208230890730399 0.09890656240351632 0.13957640430481222
0.0726746156604445 0.13156971700066072 0.06908679468178497 0.06077868021599846 0.09541912837403992 0.06455088968951106 0.11164285192596124 0.08621667125180144 0.15814181506732372 0.14991883613247392
0.08675810900960723 0.16101785715928993 0.08445585912584638 0.07494056506396525 0.15655719039365704 0.07763965469137063 0.16179292228913025 0.06748483586309764 0.06590401623029726 0.06344899017373838
0.08810459939852781 0.10636149161364872 0.14443076111551162 0.08711639398753786 0.13556222803696696 0.05882286275804049 0.10283694175706853 0.06270190497472908 0.14216760550157154 0.07189521085639747
0.15067794474966414 0.0782693033365893 0.15236162568775266 0.11147536080133666 0.09490794477405806 0.09274708410281426 0.060626874681925645 0.112971174691209 0.07673281754525002 0.06922986962940028
0.0748520753276275 0.11835999339106719 0.13720626615198803 0.11197558773170017 0.09144048526976895 0.09065027088880734 0.07779439310688012 0.13812300075211717 0.07314326149762486 0.08645466588241865
0.10145037368917242 0.09897728088173967 0.16789235362290827 0.07767710870021248 0.07589656741896793 0.07905713751916058 0.08981888566740977 0.12479175970997483 0.07487796088495949 0.1095605719054947
0.11733170743319395 0.10753606175497855 0.0967309186570887 0.1168840385287625 0.08771142683924596 0.08522500931874866 0.1358006754315819 0.08698634295781206 0.10794646549919876 0.057847353579388854
0.1020812109090622 0.0755196198059537 0.15647206341080644 0.08984394965306525 0.08227058910891248 0.09750898724725587 0.0969751410196308 0.1009933175688807 0.11563258065972334 0.08270254061670931
0.16569594489126474 0.13339532230271928 0.07010426016359102 0.15650401922888393 0.07687215832833987 0.07770455594254794 0.068461618620186 0.06461096573289103 0.11406681851950547 0.07258433627007073
0.09344294939024093 0.07680408513289476 0.07422319211068941 0.1437548089422976 0.06927309743032746 0.08717624185665063 0.14414015106598743 0.07533003757901684 0.12960692968915047 0.10624850680274452
0.11500229464722121 0.069486706799927 0.07746343699351821 0.12080225715263407 0.06613187193118873 0.05996652945941797 0.14758506419375592 0.09393288348162654 0.1233986257028428 0.1262303296378675
0.07127607859569349 0.06302748796805058 0.09888277050335637 0.0696605564998011 0.11358316022327637 0.09356530787408447 0.13568711488551022 0.13727664666515116 0.12747677068886082 0.08956410609621528
0.07130844004652069 0.0789260389794791 0.14175636343740441 0.10848599702872289 0.09213852752479101 0.10048234834416335 0.08805861272558019 0.11297968295474198 0.13277279396371747 0.07309119499487889
0.12269083376368879 0.09035323720550692 0.08148098495330085 0.11214000224020229 0.0920905289872134 0.08130648554156168 0.06445719043120042 0.1427310216838737 0.14443999760369544 0.06830971758975654
0.09603135329758351 0.0795375070307442 0.06571553469256543 0.10610052555047152 0.10890655400780111 0.11974917433571805 0.09223812390741996 0.10979001185269563 0.12878899634935753 0.09314221897564308
0.11895574889181836 0.12474964419453537 0.08621114128898115 0.13143853443577785 0.10829047127733758 0.07611637623026195 0.07830721852721766 0.07728628809309077 0.06494562137628143 0.1336989556846978
=====
0.09527141776995038 0.11331943821512358 0.09247926046501335 0.07527903851243864 0.10906375431554433 0.11696160454159563 0.08061870171767413 0.10997006664517202 0.0855699348908267 0.12146678292666137
0.07857286641867565 0.06981257212024149 0.10650588533316385 0.10004946733948411 0.0982638378532408 0.08806663985398286 0.11248358212930414 0.12142306107425463 0.08143074381410756 0.14339134406354484
0.09384976637785349 0.07374875577009775 0.13491234687944395 0.06651036706765769 0.07790023408634905 0.11363097883992437 0.07289902641484335 0.12268052622322648 0.14520689073317997 0.09866110760742394
0.1529911965879756 0.06729247926329382 0.1350579840487132 0.09158658418601018 0.1101457124543464 0.11005648297136465 0.0775515767237719 0.08142961600787009 0.09095911979612525 0.08292924796052906
0.11200194686601239 0.11184778625060417 0.0658123431721096 0.09042691373565488 0.13755372456273549 0.0802631795327185 0.07432222103915079 0.1435313962020395 0.07557695334938194 0.10866353528959252
0.07669472929333161 0.1287148289482797 0.06732675710202946 0.06860806126016884 0.08482274709610267 0.08693293648520818 0.14718625990553907 0.07824036305884416 0.10373724157567844 0.15773607527481778
0.07336669182612257 0.0805700655173835 0.09094292705010532 0.07938133683287422 0.10058502268048114 0.1250006312773716 0.14769055083468824 0.07167117071785237 0.07373589257157749 0.15705571069154362
0.07644521251271799 0.13816461856982631 0.056223484869462846 0.0822390590255967 0.0670833542417224 0.12108013580527933 0.10677738745607594 0.10250998844556665 0.10666799159623251 0.14280876747751928
0.09376099176634466 0.1051339103909358 0.08475038426271232 0.07110654963289316 0.17179200366882785 0.09926205167403444 0.0786065249419747 0.12288207810483259 0.06922281033074441 0.10348269522670005
0.11816941380000094 0.07109619199074994 0.14418603269143648 0.08464039364702174 0.11205529089559126 0.05976650028352713 0.06497461619890117 0.06487052117638627 0.14788458868373386 0.13235645063265108
0.08743197397241673 0.08476719769820924 0.15217418731512905 0.08396970491668751 0.08313106810939445 0.07974715773129948 0.10709901441404075 0.07816417701294685 0.07799156384739209 0.16552395498248387
0.05629202086310067 0.1342886460894752 0.07755618456869165 0.07608816285764518 0.08279175873883182 0.09886013892010455 0.10196583177364882 0.10847152867023009 0.1276200541348472 0.13606567338342487
0.07751642972583297 0.13392387043209983 0.10768465754581615 0.058551120734872605 0.05474417188529697 0.1258727237128962 0.11995873179732577 0.1048325867921562 0.11480764619695978 0.10210806117674351
0.11767021774653771 0.1175829384228726 0.07860400299540311 0.058274775454555394 0.12908898961984383 0.07163732080404035 0.06048684889013234 0.1077651291363757 0.13099340567553275 0.12789637125470626
0.06553287485739875 0.07280497225394862 0.12262712814982261 0.09096613289724002 0.12725948296943465 0.12655372130276055 0.11391661440523594 0.0709564860201106 0.09877118475273233 0.11061140239131585
0.1370361156424644 0.05447785753594838 0.12350713196208019 0.11615049206827967 0.14040988881075178 0.08830699381519547 0.062117693369476486 0.08309469943479837 0.13574929272852868 0.05914983463247636
0.08581325594295235 0.14944042171299518 0.10594689933924013 0.10249600286106494 0.06786029877297006 0.1258602340148059 0.07455999314023255 0.13484876092191284 0.06774973309191931 0.08542440020190682
0.122822876959656 0.11738819019449921 0.14508429013204915 0.06434357470829333 0.1394693887382483 0.07138430463297292 0.06618568702494784 0.13322079099205697 0.06275431265923534 0.07734658395804107
0.13411748431720005 0.061274343492352466 0.12759103157977078 0.14266535721307516 0.0662400128551009 0.10214260723811536 0.11528010078862765 0.0980674016685456 0.07677925820693376 0.07584240264027828
0.10497811359818823 0.06742018948153478 0.13305097704447053 0.08162549268629976 0.1013790365554332 0.11784764590563981 0.1228850093284221 0.07192077186037035 0.1126637748392864 0.08622898870035481
0.11212518175390544 0.07761211404761933 0.07955619238136515 0.1236601323589924 0.07502837355181691 0.13871864658100444 0.08916279148436541 0.09873398735041898 0.1437588468249179 0.06164373366559404
0.14451508930514576 0.07343484529244734 0.10278154810928532 0.1162099512005889 0.11676317229329497 0.09216237678688045 0.07680647754164897 0.0690800599783131 0.06433848141761747 0.1439079980747777
0.11470037993585638 0.08415572717988196 0.06031913189111369 0.12804169296033793 0.10065828475025844 0.10181244995578634 0.07870019426788628 0.08439518834204764 0.14047278874393015 0.10674416197290115
0.1352715878476439 0.12865110851075487 0.0801564480073243 0.05949530288219555 0.13891683867243226 0.06945036157122289 0.1232147129765026 0.06655973693922833 0.13240139154351876 0.06588251104917646
0.12750508963199214 0.10193030851914026 0.12734729119185823 0.12407592078540891 0.08238186988144706 0.11885614913191128 0.055290972354857235 0.0756370580261211 0.11040883943874442 0.07656650103851917
0.09414015727917985 0.11622306627557141 0.10822654354186911 0.0923483223860331 0.0984228193072348 0.08267981878001303 0.09751893027773637 0.09539780171876829 0.10431445611002826 0.11072808432356585
0.07484848835702253 0.07353656753808023 0.09274486647863435 0.14734906163127573 0.09296664737481607 0.11211957785037434 0.07274066577075063 0.12778149819776785 0.1464416179096864 0.059471008891591876
0.09333827689041471 0.13191742523627129 0.12588961664892936 0.13068159563448858 0.11707132359706676 0.05627885765914899 0.06132552305458295 0.07874820304070125 0.13410039059605114 0.07064878764234507
0.10381940923911788 0.12467820041005825 0.10966985649578027 0.12216807295285201 0.09405589873481782 0.062335847236755726 0.11058004184355892 0.1302833825327712 0.07198055525583653 0.07042873529845159
0.07889975743690274 0.11905983204195192 0.07398347432085513 0.08196001519320445 0.11718855750715819 0.07296241013759021 0.16082923700026544 0.11438735584578086 0.09738497494868488 0.08334438556760622
0.08415151631479476 0.09630045170447789 0.11782118863363812 0.09062928339247031 0.08644631270813002 0.08784700814749108 0.07030651309071717 0.12446707092169702 0.1435386724149375 0.09849198267164619
0.11436229984804207 0.08115158315464509 0.1302157263428771 0.13985907114504678 0.05808540165925072 0.09254031902913092 0.07074109467217483 0.13740200639091524 0.08431972105683228 0.09132277670108505
0.0700875512469246 0.08276668305840149 0.08190477019351326 0.06736273215041932 0.15563336773763142 0.07680239325810888 0.17223252557212712 0.12881221103124982 0.07417670371561522 0.09022106203600892
0.08832836200778642 0.14211358143695446 0.06257043008179196 0.09008772919829597 0.12694042475264944 0.0977951878517964 0.085020975337707 0.12086542305103236 0.0743487241210253 0.11192916216096073
0.1270042854425581 0.13586989228387336 0.07912046957989709 0.1051035218543703 0.12404821653398443 0.062338038629496655 0.05524059497405001 0.12568841015079302 0.06806516400710899 0.11752140654386815
0.12098413642516326 0.091028715250983 0.08531834763388603 0.09278607173614427 0.14337678700461226 0.06579753895857178 0.13235320339565815 0.09144748673953199 0.056778070264566716 0.12012964259088256
0.1374696302017758 0.11880458229252062 0.12171185185017654 0.13194482967184606 0.09633279942511311 0.0665867416712625 0.09566284992733436 0.054597777741195536 0.09739605177618717 0.0794928854425884
0.10972185954589835 0.11967308976311172 0.09853000373707826 0.10545035110346282 0.09153267732997505 0.12384705195508428 0.06834504578328841 0.10848833934773626 0.06659286968633099 0.1078187117480339
0.10382362196810502 0.11620975684991412 0.1330567587962734 0.06311767511104444 0.06337875445753971 0.0790676349159089 0.11114301097385708 0.11840539895534338 0.06562557185281537 0.14617181611919852
0.06629258323822752 0.08520205809180904 0.14529217649096962 0.12393805400914602 0.06600416442466422 0.07459764154679105 0.13830254855528315 0.08632320776175684 0.11562783571674005 0.09841973016461245
0.09677557038235794 0.09862479279285104 0.10215069989212318 0.1580120272272853 0.08301832994278077 0.11480607922140612 0.08906789176928553 0.08300937411559478 0.07085279484495748 0.10368243981135786
0.11158624008107955 0.11320566291493514 0.06664502863102587 0.12729279648914937 0.07839175761528888 0.07240089225522403 0.11466472718866874 0.14903507322430345 0.09712414464148064 0.06965367695884421
0.0647002410718779 0.13003186347073112 0.06027237275718052 0.07687866194703345 0.08111550622786452 0.10259135360968515 0.15062538420485697 0.12540903809847853 0.13911762743160905 0.06925795118068291
0.06520226031506599 0.12663456502477677 0.08664724476859792 0.14975110180881476 0.1412693490499955 0.06339866135630057 0.07812755044889678 0.10895099627456702 0.10140245315402946 0.07861581779895516
0.08148659107838904 0.08768601939451895 0.12173632134227168 0.07359880238044565 0.1150786428847116 0.07691504928234552 0.08296629760421395 0.11769710381065973 0.12394186725845203 0.11889330496399177
0.11382603462916835 0.06792513138559657 0.10691834531526534 0.11428869546755357 0.07998623530527196 0.16724913639456987 0.09592358457554617 0.0913894206595026 0.09099936846278416 0.0714940478047414
0.08298244251614603 0.09694949887319082 0.14945794447341512 0.07755636889415266 0.1314580286205618 0.10839428144309296 0.08981843335683662 0.06454596622937861 0.09167617480739343 0.10716086078583184
0.13818930750479355 0.12374380730731854 0.06590705284048867 0.10593805795943396 0.08534316289423113 0.08886249632198853 0.08296828668220571 0.10797157186015328 0.07348634684399784 0.1275899097853887
0.05886650644991963 0.14272708240262585 0.08716360026513237 0.07183499417217411 0.11405231305982656 0.11775822460983563 0.14238840547775367 0.06081313788834341 0.10952603491593883 0.09486970075844997
0.12588048336804344 0.09880801142664315 0.11520749378178047 0.10127222874291489 0.09139888441485636 0.130876637964362 0.11267811441945463 0.0658889607227651 0.10457950263497105 0.053409682524208996
=====
0.09797178479118103 0.12289834057465031 0.11755837684786048 0.13814242216783665 0.06940961161561848 0.06994747551448012 0.06611498240024795 0.14373097906887752 0.06882361474764154 0.10540241227160592
0.08483505999200666 0.07796317313637773 0.12853401763167024 0.13226462819181276 0.10380122432729075 0.08973082014382651 0.09952960697796166 0.07137936922860454 0.10380758524444827 0.10815451512600084
0.06811843868294387 0.06717913005707238 0.09675973680248295 0.11330499203276939 0.13601234418257926 0.06888673778368701 0.08678122009578151 0.12490410123437735 0.14920669540373296 0.0888466037245733
0.10552473313551824 0.10621310871212686 0.07713258751429103 0.09094406249317345 0.09021911336203169 0.08349849271400188 0.14101207831714038 0.14963058319323955 0.07498728466074504 0.0808379558977319
0.06481376235646628 0.10602813814584552 0.09084379622622708 0.123692610467758 0.10258730155465105 0.06700905494511478 0.13071817359084906 0.0673660633590167 0.11115484183194398 0.13578625752212756
0.10863921483893413 0.08383259357162873 0.12174798645408658 0.09441918529577081 0.06720896246778892 0.11385151735173875 0.06454413926223211 0.08001341430320548 0.12594453167502942 0.13979845477958508
0.12125808875496787 0.07998592147416514 0.07056954324404664 0.08071190570430505 0.08363929947123305 0.08205578245838549 0.1276687275183099 0.09512812261723991 0.15631680008010695 0.10266580867723993
0.13525800252684966 0.10787085260364078 0.06960784212055623 0.10743760382874722 0.12049546890241221 0.08417018253923549 0.08415704324271578 0.0631962565785344 0.1056910991235535 0.12211564853375469
0.09170128041035765 0.08926005274944708 0.08825474965563945 0.1422549922352957 0.06383055736087952 0.10707879837899291 0.06822097581061332 0.13402048367460376 0.10034883611451995 0.11502927360965057
0.05962557428371592 0.07651514859559101 0.1443683022913801 0.07847152061024003 0.060917744458794616 0.10432000487331533 0.08523870416171186 0.13885255386422662 0.1585846016660808 0.09310584519494382
0.09758345858383705 0.1299246862398458 0.08784468550863316 0.06338031747589072 0.09889130159931078 0.13758683439433453 0.06350675432805135 0.08500747450920196 0.09810427838880788 0.13817020897208687
0.08872500560579877 0.1249372375956964 0.08723926777880173 0.1279023771705671 0.09129726062136849 0.10466020357491579 0.10237736062343182 0.0691514006138847 0.0951699244839966 0.10853996193153859
0.08572635268042328 0.09522643936292151 0.07355886800670088 0.13835651271161975 0.0677128867257458 0.10434877198077157 0.059637123267458916 0.1440464673290404 0.07625494360563642 0.15513163432968155
0.06375882971176554 0.13394006929201152 0.07574644995842157 0.06447077986200472 0.07665588539932063 0.12367693242837123 0.12444430360243557 0.09727772075013119 0.12954231779241485 0.11048671120312324
0.095469117418255 0.127982420372325 0.08770002199659446 0.15834643928747813 0.11141960126902666 0.06446939252155522 0.07933728734255197 0.09128473599271998 0.11889583700521301 0.06509514679428065
0.10050255276942134 0.06401345877983504 0.11655703456355233 0.10874243515839543 0.1393139554112881 0.07110308017562997 0.06444460356874407 0.10234999333722511 0.10743962457524893 0.12553326166065967
0.0965081255993294 0.09409701967750315 0.06672442266772524 0.10558136116459912 0.11091687444055176 0.09337108229719845 0.11253828105350454 0.11640688275477346 0.10526767221871185 0.09858827812610318
0.12084151196945833 0.09683725893724228 0.11732818558890976 0.06498735072198475 0.1436517149028224 0.14637028052189016 0.06626636046386997 0.08199508063161014 0.07714799664072323 0.08457425962148904
0.10901210888874513 0.06690925274170478 0.0943298074310379 0.08464713277162617 0.14209903017616676 0.11741855772766534 0.1420857034767194 0.0675067899023037 0.06784450841026185 0.10814710847376921
0.12613495905895297 0.0626229999670299 0.08388596540087793 0.06814448389243329 0.13163085461238053 0.07975233065977264 0.11617107061403889 0.1028381789349676 0.11383650028646897 0.11498265657307735
0.1179344781164347 0.07647507957232601 0.16059801766840454 0.10759002705934288 0.08251110859755148 0.13135761385057473 0.10119162579603956 0.09070837862946225 0.05955797016868468 0.0720757005411791
0.13718552074905216 0.10778362716042601 0.08595830508569718 0.08914866430847182 0.09954549379940775 0.08675770943087488 0.10065599852379585 0.09569498259774144 0.09016864526087036 0.10710105308366266
0.10400110839922766 0.07404225569341501 0.10014057900917679 0.10761849781004751 0.08518596410218937 0.06059527425361643 0.09026862034822355 0.14627430361467164 0.14876842540587668 0.08310497136355538
0.07596614569186615 0.0633937930678497 0.15575052757937843 0.0645948979405157 0.08084259237180914 0.08337375904980589 0.14285201626765984 0.11476951811328771 0.11350932767974596 0.10494742223808129
0.11918979849338378 0.06791158370887522 0.05562155680225636 0.12492757094985846 0.12983849747583745 0.07826980431822136 0.08667435524084759 0.1413164678202186 0.06108723978725957 0.13516312540324152
0.1279672704928152 0.10150751174912018 0.0696573843649213 0.10357225299544082 0.08396212126568649 0.08360665720845677 0.1435431082151667 0.10362250316707991 0.10429880395970995 0.0782623865816026
0.1023400847869971 0.06226893425146894 0.07130310896689938 0.10978234470658328 0.15419361143239563 0.14564894763551356 0.10910280149341622 0.06354103659418694 0.08211143235949199 0.09970769777304689
0.14308821588493767 0.08275473166862385 0.09353275505824987 0.06417728294309245 0.07146705330024065 0.09030567916385814 0.12622664399078967 0.10978116156051375 0.1192444605745137 0.09942201585518018
0.06694821739043468 0.09268124783315132 0.09920518082526124 0.06234586047298637 0.13146424460466274 0.0802236859237216 0.14155196725372785 0.09912827219341537 0.07625810137217631 0.15019322213046257
0.07352371074190152 0.0823402702096479 0.14919885383302875 0.10064283954428029 0.11761120211116038 0.06727562336894694 0.06951061337281143 0.11022120517399558 0.10818331016660894 0.12149237147761827
0.14673698933685458 0.11557309222670346 0.10182571771146344 0.07698063545881884 0.09318721275698864 0.07539103445704408 0.07258722248615049 0.07555414481255873 0.09428687079417009 0.14787707995924776
0.06367257720428281 0.13102783883815797 0.1378819259151738 0.08164937204547287 0.1184189459184245 0.08275184131482304 0.10483418264574221 0.12457416953799011 0.07316079247565795 0.08202835410427481
0.057520846747698244 0.12918554766128215 0.08817672771972293 0.0506683934257131 0.10208588262837312 0.12066892645817766 0.11075131083201009 0.08519994976809576 0.1314631449021367 0.12427926985679023
0.08327319230337586 0.07847838525737469 0.11544160409050722 0.09962075838944821 0.08258797560436863 0.10945811349763505 0.11789686610854927 0.11592498801617707 0.10529428529229924 0.09202383144026463
0.11727884839624406 0.10701421282836819 0.07926742644561266 0.11542725770918308 0.13842481832717826 0.06806900785288515 0.0852244229103062 0.06795258160654623 0.1333915728955188 0.08794985102815729
0.07442287851002673 0.06511726153532417 0.09844243700074404 0.1308089502707793 0.11544409138991082 0.08299647461733205 0.15148123707459313 0.08066355687616619 0.10389414724712306 0.09672896547800044
0.12203354860849393 0.061758813077132775 0.09695301334950572 0.12354273939793463 0.07133955124351349 0.07088642611103886 0.13766426568719353 0.0692920481679454 0.12742679202892768 0.119102802328314
0.09772387445889756 0.10930977714318453 0.09622826195642808 0.1277324538362222 0.05983201276300939 0.13528099974558955 0.12398542445022852 0.0816396843032447 0.05754120435165817 0.11072630699153735
0.0674625039063953 0.07403693553080071 0.11600528567481999 0.07430003244198864 0.12134380313280783 0.062044866965678465 0.12828099577946644 0.16129261330676553 0.09506535398535441 0.10016760927592286
0.09459136527629401 0.15098214533337156 0.07344378183292342 0.12962494428133114 0.09140575682606389 0.0799257965405275 0.05888056135502669 0.10778346830290504 0.1284026250471438 0.08495955520441295
0.07082149051193341 0.1121903760600063 0.08670185791956037 0.09486549237039019 0.14504399358392692 0.0853450424130476 0.12843854597876542 0.11811662009722498 0.09607471217535343 0.06240186888979132
0.14794536701436398 0.09754692697496896 0.09827937560567034 0.07226736920294213 0.08005436238737115 0.15006829588480963 0.057614815775230845 0.060831561506188445 0.10618166843832544 0.1292102572101291
0.15413627157076207 0.0869070001492584 0.05779423801311952 0.15302467889044433 0.07053561591390793 0.10277773252589528 0.14649529508096676 0.06340293954931038 0.08936862738339124 0.07555760092294396
0.13967334332599426 0.09323098344629438 0.060782121461895024 0.0858141389820657 0.08849385557899278 0.06121312280019779 0.07095214243655609 0.11324177190769105 0.16179437141460892 0.1248041486457041
0.07521559651800869 0.10172406899855407 0.1609335377711491 0.07343883285848256 0.07974002289440815 0.11198540155619854 0.09804311513398105 0.1501275612287717 0.07790465658982586 0.07088720645062041
0.1280647907359606 0.08450483077469458 0.1417659285939428 0.0965488510494546 0.08395464139925933 0.07841443662335369 0.06066135110576655 0.1404202310251477 0.08243622886446093 0.10322870982795934
0.12858380945724135 0.13921648514822035 0.06360087133975571 0.09742615621861705 0.10884802902694603 0.06604847887136762 0.08903931570974459 0.06438795489108456 0.16887102756872738 0.07397787176829537
0.09771760670242238 0.11838993994188905 0.09181164580640375 0.07376801685576102 0.07757736759994346 0.12450514389173231 0.12860332735000127 0.08519205707638348 0.11970464137511731 0.082730253400346
0.10987291736326935 0.08273667914429866 0.1010498560051532 0.16244524080317935 0.10371286601492173 0.10788871571649221 0.09027920188878591 0.06479908077984779 0.08853110891199177 0.08868433337205997
0.09697716568479357 0.08727038137097264 0.12235251839686569 0.10400754057237285 0.12423702450916906 0.07449760102254074 0.10407135074791493 0.07718740647804972 0.1153421010660122 0.09405691015130853
=====
0.10617283855244086 0.11933196552465714 0.16221533542577526 0.06331160219493799 0.06990113459169937 0.06959332568851842 0.0735102982317339 0.07922154778195904 0.11100777732673699 0.1457341746815411
